1|10,20,40,0|0123456,睦月/0123456,如月|2,2,1,2,1,1/2,3,1,2,1,2/2,4,2,6,28,1,293
2|10,30,60,0|0123456|1,2,1,2/1,2,1,2,2,1/2,3,3,6,2,2,63
297|10,30,50,0|0123,吹雪,改/0123456,白雪/0156,浦波,改/0156,磯波,改|1,2,1,2/1,2,1,2,297,1/4,8,3,6,2,2,294
294|10,40,70,0|0123456,吹雪,改二|2,3,2,2,297,2/3,4,3,5,3,2
63|10,40,70,0|123,夕立,改二/123,綾波,改二|2,2,2,3/2,2,2,4,63,1,266
266|10,50,80,0|0123456,満潮,改二/3456,荒潮,改二/456,雪風,改|2,3,2,3,2,1/3,4,3,4,63,1/4,10,4,8,28,2,267,0,75,1
267|20,70,90,20|0123456,長波,改二|6,7,5,6,3,2/7,10,6,9,266,1
91|10,50,80,30|0123456,天龍,改二/0456,那珂,改二|3,3,2,3,10,1/4,5,3,4,91,1
122|10,60,150,50|1234,秋月/0456,照月/1234,初月|6,7,3,4/5,8,4,7,3,2
280|20,60,80,20|0123456,Jervis|6,7,4,5,2,2/7,8,6,7,63,2
282|40,90,190,50|0123456,Ташкент|8,9,5,6,2,3/9,13,7,9,4,4
284|30,80,180,160|0123456,Samuel B.Roberts|10,12,6,7,3,2/12,18,8,10,91,2
229|10,50,40,20|03456,由良,改二/1234,択捉,改/3456,日振,改|2,3,2,2,2,2/3,5,3,4,229,1
4|10,50,80,0|0123456|1,2,1,2/1,2,1,2,4,1/3,4,3,6,4,2,119
119|10,60,100,0|14,夕張|2,2,1,2/2,4,2,3,119,1
65|10,70,100,0|456,阿賀野/0156,能代/1234,矢矧|2,2,2,3/2,3,2,4,65,1/5,8,4,10,28,1,139
139|20,80,100,30|3456,矢矧/0126,酒匂|3,4,2,3,65,1/4,6,3,6,65,1
5|10,90,120,0|56,最上|2,2,2,3/2,3,2,4,5,1
5|10,90,120,0|0156,大淀|2,2,2,3/2,3,2,4,5,1/8,12,4,8,5,2,235,0,75,1
235|15,120,150,30|056,大淀,改|6,7,4,5,5,2/8,9,5,7,12,2/9,10,12,1,234,7
6|10,90,120,0|0456,青葉/0123456,衣笠|1,2,2,3/2,3,2,3,6,1/2,5,4,10,6,2,90
90|10,100,130,0|012,妙高|2,3,2,3/2,4,2,4,90,1/4,8,4,11,90,1,50
50|10,110,140,0|23,三隈|3,4,2,3/3,5,3,5,50,1
162|10,180,190,0|0123,Zara, due|4,5,3,4,6,2/5,8,4,7,90,1
7|20,240,300,0|056,扶桑|2,3,1,2/3,4,2,4,7,1/6,12,5,12,7,3,103
103|30,330,390,30|34,金剛,改二/45,榛名,改二/3456,扶桑,改二/0456,山城,改二|4,6,3,4,7,2/6,9,4,7,7,3
104|30,250,300,30|01236,榛名,改二|3,4,2,3,7,1/4,5,3,5,7,2
76|20,380,450,20|456,Bismarck|4,5,2,3,7,1/5,8,3,5,7,2/10,20,6,13,8,2,114,3
114|30,390,470,30|012,Bismarck|5,7,3,4,7,1/6,9,4,6,7,2
190|24,280,380,0|0456,Warspite|3,4,3,4,7,2/4,6,3,5,8,2/8,15,6,12,49,2,192
192|28,320,420,40|2345,Warspite|4,6,3,5,8,2/6,8,4,7,8,2
133|30,400,480,20|2345,Littorio/016,Roma|4,5,2,3,7,1/5,8,3,5,7,2/12,22,7,14,39,2,137,3
137|40,440,500,40|016,Littorio/2345,Roma|5,7,3,4,8,1/7,10,4,6,8,2
8|30,350,480,0|256,長門/014,陸奥|3,4,2,3,8,1/4,7,3,6,8,2/12,20,10,15,9,2,105,0,75,2
105|40,440,620,40|0134,長門,改/2356,陸奥,改|5,7,4,6,8,2/8,10,5,8,8,3/15,30,12,16,9,2,236,0,75,2
236|45,450,700,45|123,長門/改二|6,8,6,7,7,2/10,12,7,10,8,2
290|45,460,720,50|3456,伊勢,改二|8,10,7,7,8,3/14,41,10,13,105,1
117|40,420,650,40|01,大和/23,武蔵|5,6,3,5,8,2/6,8,4,7,8,3/12,18,8,14,8,4,9,5
9|50,480,800,50|23456,大和/234,大和,改/01,武蔵/1,武蔵,改|6,8,4,6,9,1/8,10,5,8,9,2/18,36,12,16,9,4,276,0,75,2
276|50,490,860,80|123,大和,改/056,武蔵,改|8,9,5,6,40,3/9,16,8,9,9,3
128|50,550,950,80|12,大和,改/13,武蔵,改|7,9,5,7,9,2/10,15,7,10,9,3
281|100,700,950,200|056,武蔵,改二|20,25,7,8,8,4/25,50,10,13,9,4
161|45,450,750,100|0123456,Iowa|10,15,6,8,8,3/16,24,8,12,9,3/20,28,12,20,31,2,183
183|45,500,770,500|0456,Iowa|16,24,8,12,28,2/16,24,8,16,31,2
135|10,20,70,10|1234,Littorio/0456,Roma|1,2,1,2,3,1/2,3,1,2,3,2
11|10,60,90,0|012,阿賀野/016,金剛/123,山城|2,2,1,2/2,3,2,3,11,1/3,4,3,5,11,2,65
12|10,90,120,0|56,大和/56,武蔵,改/056,武蔵|2,2,2,3/2,3,2,4,12,1/8,12,4,8,12,2,234,0,75,1
234|15,120,150,30|56,大和,改/01,武蔵,改|6,7,4,5,12,2/8,9,5,7,5,2/9,10,2,3,5,1,235,7
134|10,90,120,0|0236,Littorio/0145,Roma|2,3,2,3/3,4,3,5,5,1
10|10,40,70,20|56,摩耶,改二/056,鈴谷/016,熊野|2,3,2,3,10,1/3,4,3,4,10,1/5,8,6,10,3,1,66
66|10,40,80,40|01456,阿賀野/0156,能代|4,5,3,3,3,1/6,8,4,5,3,2
66|10,40,80,40|012,矢矧/234,鈴谷,改二/234,鈴谷,航改二/123,熊野,改二/123,熊野,航改二|4,5,3,3,3,1/6,8,4,5,3,2/8,16,8,12,49,2,220
220|30,70,100,80|234,矢矧/234,酒匂/234,鈴谷,改二/234,鈴谷,航改二/123,熊野,改二/123,熊野,航改二|6,8,4,5,3,2/8,15,6,8,49,2
275|10,90,170,80|456,武蔵,改二/0156,大淀,改|7,8,4,5,3,2/10,16,6,8,40,2
174|40,60,40,20|03456,神風,改/0123456,龍田,改二|1,2,1,1,13,1/2,4,2,3,15,1
13|50,70,60,20|456,吹雪,改二不可/012,叢雲|1,2,1,1/2,3,1,2,13,1/3,5,2,4,13,2,125
125|60,90,60,20|456,吹雪,改二|1,2,1,1/3,5,1,3,13,1/4,8,3,6,14,2,15,5
14|70,100,70,20|01256|1,2,1,2/2,3,1,2,14,1/3,5,3,6,14,2,15,3
15|80,120,80,20|0123456,大井/0123456,北上|2,3,1,2/4,8,2,4,15,1/5,10,5,11,15,3,58
58|100,150,90,30|34,島風|3,4,3,5/5,9,3,7,58,1
179|120,180,120,40|3456,初月/06,島風|6,8,5,6,15,2/9,12,6,12,58,1
283|60,90,70,30|0123456,Ташкент|3,4,2,3,13,1/6,8,3,4,15,2
285|120,180,90,60|056,綾波,改二/456,初霜,改二|5,6,3,4,13,3/6,9,5,7,125,1
286|160,240,120,80|123,時雨,改二/056,陽炎,改二/456,長波,改二|7,8,3,4,14,3/8,12,5,7,15,3
19|70,50,0,170|0123456,鳳翔|1,3,1,2,19,1/2,4,1,3,37,1/3,6,2,4,19,2,20,3
20|100,80,0,250|456,赤城/012,加賀|2,4,2,3,20,1/3,5,2,4,20,2/4,7,3,5,37,2,181,3
96|100,80,0,250|456,赤城/012,加賀|2,4,2,3,20,2/3,5,2,5,20,3/4,7,3,5,37,3,182,3
181|90,100,0,260|01,赤城/34,加賀|3,5,2,3,20,1/4,6,3,4,20,2/5,8,4,6,181,1,21,3
182|90,100,0,260|01,赤城/34,加賀|3,5,2,3,20,2/4,6,3,5,20,3/5,8,4,6,181,2,152,3
21|120,120,0,280|456,翔鶴/013,瑞鶴|3,5,3,4,21,1/5,8,3,5,21,2
152|120,120,0,280|456,翔鶴/013,瑞鶴|4,6,3,5,21,2/5,9,4,6,21,3
109|120,120,0,280|0123456,大鳳/3456,雲龍|4,6,3,5,21,2/5,9,4,6,17,2
153|120,120,0,280|24,瑞鶴|4,6,3,5,21,2/5,9,4,6,21,3
156|120,120,0,280|56,瑞鶴|4,6,3,5,21,2/5,9,4,6,21,3
157|120,120,0,280|56,瑞鶴|4,6,3,5,21,2/5,9,4,6,21,3
197|90,90,0,270|03456,Saratoga/56,Saratoga,改/23,Saratoga, MK.II|2,5,2,3/3,6,2,4,19,1/4,8,3,5,38,2,198
198|100,120,0,300|12,Saratoga/123,Saratoga,改/14,Saratoga, MK.II|3,6,3,4,20,1/4,8,3,6,181,1/8,16,6,9,21,2,205
205|160,180,0,380|234,Saratoga,改/234,Saratoga, MK.II/234,Saratoga, MK.II Mod.2|6,7,4,6,21,2/8,10,6,8,55,1/12,18,8,16,55,2,206
206|200,250,0,450|234,Saratoga, MK.II/234,Saratoga, MK.II Mod.2|8,9,6,7,55,2/12,16,8,12,22,1
60|120,120,0,280|056,隼鷹/01,翔鶴|4,6,3,5,21,2/5,9,4,6,24,2
60|120,120,0,280|01,鈴谷,航改二|4,6,3,5,21,2/5,9,4,6,24,2/16,22,6,9,22,1,219
154|120,120,0,280|24,瑞鶴|4,6,3,5,21,2/5,9,4,6,24,2
219|130,140,0,290|1234,鈴谷,航改二/2345,熊野,航改二|5,6,4,6,21,3/6,9,5,7,22,1
151|250,100,700,650|067,翔鶴,改二甲/012,瑞鶴,改二甲|8,10,6,8,18,1/10,15,7,10,22,1/20,30,10,13,0,0,199,0,71,1
25|90,20,0,300|56,千歳,甲/34,千代田,甲/0456,秋津洲,改/01256,瑞穂|4,6,2,3,25,1/5,8,3,5,25,2/9,15,5,10,20,3,165
59|90,40,0,270|01236,瑞穂/456,武蔵|4,6,3,5,26,1/6,9,4,7,59,1
102|10,30,0,480|01456,川内,改二|4,7,3,4,25,1/5,9,4,8,25,2
163|60,30,0,180|12345,Zara,改/06,,Italia/23,Roma,改/456,Zara, due|3,5,1,2,25,1/4,6,2,4,26,1/5,10,3,5,59,2,164
165|110,80,0,360|056,瑞穂|3,4,5,6,20,2/4,6,7,8,25,2/8,12,9,16,26,2,217
216|110,100,0,390|056,瑞穂|5,6,7,8,181,2/6,8,8,10,26,3
217|130,80,0,300|234,瑞穂/1234,鈴谷,改二|10,12,6,8,55,1/12,17,7,11,55,1
164|70,50,0,220|0456,Zara, due|6,9,3,4,26,1/9,14,5,6,26,2/24,40,8,12,164,1,215
215|80,60,0,280|56,Zara, due|8,14,4,5,26,2/14,18,6,7,164,1
26|160,160,0,360|056,伊勢,改/056,日向,改/1234,最上,改|5,7,3,4,26,1/6,9,5,7,26,1/16,24,7,10,26,2,79,0,70,1
79|180,180,0,480|056,伊勢,改/056,日向,改|6,8,5,6,26,1/7,10,6,8,26,1
237|190,190,0,490|056,日向,改|8,10,6,7,26,2/10,16,7,9,26,3
27|10,0,20,30|0456,時雨,改二/0156,五十鈴,改二/234,秋月/123,照月|4,5,2,3/5,7,3,5,27,1/10,15,5,12,30,1,106
106|10,0,30,40|456,磯風,改/056,初霜,改二/0123,雪風|5,7,3,4,27,1/7,9,4,8,27,2
28|10,0,30,30|0156,日向/1,日向,改/1256,夕雲,改二不可/12,夕雲,改二/456,島風|4,5,2,3,28,1/7,10,3,5,28,2/10,20,8,14,28,3,88
88|10,0,40,40|0456,妙高,改二/0156,羽黒,改二/2345,金剛/改二|5,8,3,4,28,1/8,10,4,8,88,1
29|10,0,40,50|1234,夕張/3456,黒潮,改二|7,8,3,4,28,1/8,12,4,6,29,1
30|10,0,40,50|0156,伊勢/0156,伊勢,改二/1,伊勢/改/3456,日向|5,6,2,3/6,8,3,5,30,1/12,16,5,13,30,2,89
89|10,0,60,70|04,大和/234,武蔵/23,武蔵,改二|6,8,2,3,30,1/10,12,4,8,30,2
31|10,0,60,50|3456,伊勢/3456,伊勢,改二/34,伊勢,改/012,日向/12,日向,改|6,10,3,4,28,1/12,15,4,7,28,2/15,22,10,15,31,1,141
141|10,0,100,80|012,伊勢/012,伊勢,改二/3456,日向/34,日向,改|10,15,5,6,28,3/14,18,7,10,31,1
46|10,0,30,30|056,夕張/1,五十鈴,改二|2,2,1,2/3,4,2,3,46,1/6,9,3,5,46,2,47,3
46|10,0,30,30|0456,時雨,改二/45,五十鈴,改二/056,香取,改|2,2,1,2/3,4,2,3,46,1/10,20,6,12,47,2,149
47|10,0,30,50|23,夕張/023,五十鈴,改二|4,5,2,3/5,7,3,5,47,1
149|10,0,50,60|456,五十鈴,改二/0,秋月/3,照月/12,香取,改|5,7,3,5,46,2/6,10,4,6,149,1
44|10,60,20,20|34|1,2,1,2/2,3,1,3,44,1/3,6,3,8,44,2,45,3
45|10,80,20,30|34,五十鈴,改二|3,3,2,3/3,5,2,4,45,1
226|10,90,10,60|234,那珂,改二/0456,神風/1234,占守/3456,択捉|3,4,1,1/4,5,2,3,226,1/5,9,3,6,226,2,227
36|30,150,310,10|3456,比叡/0156,霧島|2,3,1,1/3,5,1,2,36,1/6,9,4,9,36,3,116
116|30,170,330,20|056,金剛/123,榛名|3,5,1,1,36,2/4,6,2,4,116,1
49|0,10,10,10|4,鬼怒,改二/056,皐月/3456,文月|0,1,1,1/1,2,1,1,49,1/2,3,1,2,49,1,39,5
39|0,20,10,10|06,五十鈴,改二/3,鬼怒,改二/12,皐月/012,文月|0,1,1,1/1,2,1,2,39,1/2,3,1,2,39,1,40,3
40|0,30,20,10|123,五十鈴,改二/01234,摩耶,改二/12,鬼怒,改二/34,皐月,改二|1,2,1,1/1,3,1,2,40,1/5,9,3,7,40,5,131
40|0,30,20,10|234,摩耶|1,2,1,1/1,3,1,2,40,1
131|0,90,90,150|234,摩耶,改二/056,鬼怒,改二|3,5,3,5,40,3/6,9,6,9,40,5
51|90,270,50,180|056,伊勢,改/12,日向,改|3,6,2,3,51,1/5,9,3,5,51,2/10,30,7,10,40,3,274,0,78,1
274|90,300,90,150|12,伊勢,改/34,日向,改|5,7,4,5,40,2/7,15,5,7,51,2
120|0,0,60,40|0156,摩耶/0156,秋月/0456,照月|3,4,1,2/3,5,2,4,10,1/4,9,4,7,3,2,121
121|0,0,60,40|0123456,秋月/0123456,照月/0456,初月/0456,吹雪,改二|4,5,2,3/4,6,3,5,3,1/8,10,5,10,3,2,122
121|0,0,60,40|0456,摩耶,改二|4,5,2,3/4,6,3,5,10,1/7,9,5,9,10,2,130
68|50,30,30,10|0123456,あきつ丸/0123,皐月,改二/0156,阿武隈,改二|1,2,1,2,75,1/1,4,2,3,37,1/4,8,3,7,38,3,166
68|50,30,30,10|0456,鬼怒/改二|1,2,1,2,75,1/1,4,2,3,37,1/8,16,6,12,68,4,193
166|70,80,120,30|0156,あきつ丸/456,皐月,改二/234,阿武隈,改二|3,5,2,3,49,1/4,8,3,5,51,2/10,18,5,9,37,3,167
193|70,80,120,30|0156,鬼怒,改二/234,あきつ丸|3,5,2,3,75,2/4,8,4,6,68,1
167|80,90,100,70|0156,伊58/3456,伊8/1234,伊401|5,8,3,4,37,2/8,12,4,6,38,3
74|10,0,30,20|456,暁/056,神通/123,青葉/123,綾波|3,3,2,3/3,5,2,4,74,1/5,10,3,7,129,1,140
140|20,0,70,30|0156,比叡/2345,霧島|4,5,3,4,74,1/5,10,3,7,74,1
72|70,0,770,0|0123,,Верный/1234,酒匂/123,Zara, due|7,9,4,5,72,1/18,27,6,9,72,2/28,35,8,12,72,3,203
203|170,0,870,70|234,Zara, due|16,24,6,9,72,2/28,35,8,12,72,3
73|80,0,880,0|456,長門/345,陸奥/345,大和/456,武蔵|8,10,4,5,72,2/20,30,6,9,73,1/32,48,8,12,73,2,204
204|180,0,980,80|06,大和/02,武蔵|20,30,6,9,73,1/32,48,8,12,73,2
34|240,0,600,80|0123456,天津風/23,島風,改|10,20,5,8,33,1/14,28,7,9,34,1/20,40,8,12,34,2,87
87|300,0,750,100|234,天津風,改/125,島風,改|15,30,8,10,33,2/16,32,9,12,34,2
210|80,90,100,70|1234,伊401|20,24,7,9,28,2/30,40,8,10,129,1
145|10,0,0,5|056,阿賀野/0123456,長波|1,2,0,0,145,1/1,2,1,1/1,3,0,1,145,1,241
221|90,120,10,270|1234,春日丸/1234,あきつ丸/345,神威|3,4,2,3,19,1/5,6,3,5,20,2/10,15,6,9,38,3,222,0,77,1
222|130,200,20,330|12,あきつ丸/1234,春日丸/45,神威|5,6,4,5,21,3/6,9,6,7,22,2
201|160,180,0,360|123,赤城/123,加賀|8,9,4,5,21,2/10,12,6,8,26,2/12,18,7,12,55,2,202