2|10,30,60,0|0123456/123456|1,2,1,2/1,2,1,2,2,1/2,3,3,6,2,2,63
63|10,40,70,0|123,夕立,改二/123,綾波,改二|2,2,2,3/2,2,2,4,63,1
122|10,60,150,50|1234,秋月/0456,照月/1234,初月|6,7,3,4/5,8,4,7,3,2
4|10,50,80,0|0123456|1,2,1,2/1,2,1,2,4,1/3,4,3,6,4,2,119
119|10,60,100,0|14,夕張|2,2,1,2/2,4,2,3,119,1
65|10,70,100,0|456,阿賀野/0156,能代/1234,矢矧|2,2,2,3/2,3,2,4,65,1/5,8,4,10,28,1,139
139|20,80,100,30|3456,矢矧/0126,酒匂|3,4,2,3,65,1/4,6,3,6,65,1
5|10,90,120,0|56,最上/01,大淀|2,2,2,3/2,3,2,4,5,1
6|10,90,120,0|0456,青葉/0123456,衣笠|1,2,2,3/2,3,2,3,6,1/2,5,4,10,6,2,90
90|10,100,130,0|012,妙高|2,3,2,3/2,4,2,4,90,1/4,8,4,11,90,1,50
50|10,110,140,0|23,三隈|3,4,2,3/3,5,3,5,50,1
7|20,240,300,0|056,扶桑|2,3,1,2/3,4,2,4,7,1/6,12,5,12,7,3,103
103|30,330,390,30|34,金剛,改二/45,榛名,改二/3456,扶桑,改二/0456,山城,改二|4,6,3,4,7,2/6,9,4,7,7,3
104|30,250,300,30|01236,榛名,改二|3,4,2,3,7,1/4,5,3,5,7,2
76|20,380,450,20|456,Bismarck|4,5,2,3,7,1/5,8,3,5,7,2/10,20,6,13,8,2,114,3
114|30,390,470,30|012,Bismarck|5,7,3,4,7,1/6,9,4,6,7,2
133|30,400,480,20|2345,Littorio/016,Roma|4,5,2,3,7,1/5,8,3,5,7,2/12,22,7,14,39,2,137,3
137|40,440,500,40|016,Littorio/2345,Roma|5,7,3,4,8,1/7,10,4,6,8,2
8|30,350,480,0|256,長門/014,陸奥|3,4,2,3,8,1/4,7,3,6,8,2
105|40,440,620,40|0134,長門,改/2356,陸奥,改|5,7,4,6,8,2/8,10,5,8,8,3
117|40,420,650,40|01,大和/23,武蔵|5,6,3,5,8,2/6,8,4,7,8,3/12,18,8,14,8,4,9,5
9|50,480,800,50|56,大和/01,武蔵|6,8,4,6,9,1/8,10,5,8,9,2
128|50,550,950,80|12,大和,改/13,武蔵,改|7,9,5,7,9,2/10,15,7,10,9,3
161|45,450,750,100|0123456,Iowa|10,15,6,8,8,3/16,24,8,12,9,3/20,28,12,20,31,2,183
183|45,500,770,500|0456,Iowa|16,24,8,12,28,2/16,24,8,16,31,2
135|10,20,70,10|1234,Littorio/0456,Roma|1,2,1,2,3,1/2,3,1,2,3,2
11|10,60,90,0|012,阿賀野/016,金剛/123,山城|2,2,1,2/2,3,2,3,11,1/3,4,3,5,11,2,65
134|10,90,120,0|0236,Littorio/0145,Roma|2,3,2,3/3,4,3,5,5,1
13|50,70,60,20|456,吹雪,改二不可/012,叢雲|1,2,1,1/2,3,1,2,13,1/3,5,2,4,13,2,125
125|60,90,60,20|456,吹雪,改二|1,2,1,1/3,5,1,3,13,1/4,8,3,6,14,2,15,5
14|70,100,70,20|01256|1,2,1,2/2,3,1,2,14,1/3,5,3,6,14,2,15,3
15|80,120,80,20|0123456,大井/0123456,北上|2,3,1,2/4,8,2,4,15,1/5,10,5,11,15,3,58
58|100,150,90,30|34,島風|3,4,3,5/5,9,3,7,58,1
179|120,180,120,40|3456,初月/06,島風|6,8,5,6,15,2/9,12,6,12,58,1
19|70,50,0,170|0123456,鳳翔|1,3,1,2,19,1/2,4,1,3,37,1/3,6,2,4,19,2,20,3
20|100,80,0,250|456,赤城/012,加賀|2,4,2,3,20,1/3,5,2,4,20,2/4,7,3,5,37,2,181,3
96|100,80,0,250|456,赤城/012,加賀|2,4,2,3,20,2/3,5,2,5,20,2/4,7,3,5,37,3,182,3
181|90,100,0,260|01,赤城/34,加賀|3,5,2,3,20,1/4,6,3,4,20,2/5,8,4,6,181,1,21,3
182|90,100,0,260|01,赤城/34,加賀|3,5,2,3,20,2/4,6,3,5,20,3/5,8,4,6,181,2,152,3
21|120,120,0,280|456,翔鶴/013,瑞鶴|3,5,3,4,21,1/5,8,3,5,21,2
152|120,120,0,280|456,翔鶴/013,瑞鶴|4,6,3,5,21,2/5,9,4,6,21,3
109|120,120,0,280|0123456,大鳳/3456,雲龍|4,6,3,5,21,2/5,9,4,6,17,2
153|120,120,0,280|24,瑞鶴|4,6,3,5,21,2/5,9,4,6,21,3
156|120,120,0,280|56,瑞鶴|4,6,3,5,21,2/5,9,4,6,21,3
157|120,120,0,280|56,瑞鶴|4,6,3,5,21,2/5,9,4,6,21,3
197|90,90,0,270|03456,Saratoga/56,Saratoga,改|2,5,2,3/3,6,2,4,19,1/4,8,3,5,38,2,198
198|100,120,0,300|12,Saratoga/123,Saratoga,改|3,6,3,4,20,1/4,8,3,6,181,1/8,16,6,9,21,2,205
205|160,180,0,380|234,Saratoga,改|6,7,4,6,21,2/8,10,6,8,55,1
60|120,120,0,280|056,隼鷹/01,翔鶴|4,6,3,5,21,2/5,9,4,6,24,2
154|120,120,0,280|24,瑞鶴|4,6,3,5,21,2/5,9,4,6,24,2
151|250,100,700,650|067,翔鶴,改二甲/012,瑞鶴,改二甲|8,10,6,8,18,1/10,15,7,10,22,1/20,30,10,13
25|90,20,0,300|56,千歳,甲/34,千代田,甲/0456,秋津洲,改/01256,瑞穂|4,6,2,3,25,1/5,8,3,5,25,2/9,15,5,10,20,3,165
59|90,40,0,270|01236,瑞穂/456,武蔵|4,6,3,5,26,1/6,9,4,7,59,1
102|10,30,0,480|01456,川内,改二|4,7,3,4,25,1/5,9,4,8,25,2
163|60,30,0,180|12345,Zara,改/06,,Italia/23,Roma,改|3,5,1,2,25,1/4,6,2,4,26,1/5,10,3,5,59,2,164
27|10,0,20,30|0456,時雨,改二/0156,五十鈴,改二/234,秋月/123,照月|4,5,2,3/5,7,3,5,27,1/10,15,5,12,30,1,106
106|10,0,30,40|456,磯風,改/056,初霜,改二/0123,雪風|5,7,3,4,27,1/7,9,4,8,27,2
28|10,0,30,30|1256,夕雲/3456,夕雲|4,5,2,3,28,1/7,10,3,5,28,2/10,20,8,14,28,3,88
88|10,0,40,40|0456,妙高,改二/0156,羽黒,改二/2345,金剛/改二|5,8,3,4,28,1/8,10,4,8,88,1
30|10,0,40,50|0156,伊勢/3456,日向|5,6,2,3/6,8,3,5,30,1/12,16,5,13,30,2,89
89|10,0,60,70|0456,大和/2345,武蔵|6,8,2,3,30,1/10,12,4,8,30,2
31|10,0,60,50|3456,伊勢/012,日向|6,10,3,4,28,1/12,15,4,7,28,2/15,22,10,15,31,1,141
141|10,0,100,80|012,伊勢/3456,日向|10,15,5,6,28,3/14,18,7,10,31,1
46|10,0,30,30|056,夕張/1,五十鈴,改二|2,2,1,2/3,4,2,3,46,1/6,9,3,5,46,2,47,3
46|10,0,30,30|0456,時雨,改二/45,五十鈴,改二/056,香取,改|2,2,1,2/3,4,2,3,46,1/10,20,6,12,47,2,149
47|10,0,30,50|23,夕張/023,五十鈴,改二|4,5,2,3/5,7,3,5,47,1
149|10,0,50,60|456,五十鈴,改二/0,秋月/3,照月/12,香取,改|5,7,3,5,46,2/6,10,4,6,149,1
44|10,60,20,20|34|1,2,1,2/2,3,1,3,44,1/3,6,3,8,44,2,45,3
45|10,80,20,30|34,五十鈴,改二|3,3,2,3/3,5,2,4,45,1
36|30,150,310,10|3456,比叡/0156,霧島|2,3,1,1/3,5,1,2,36,1/6,9,4,9,36,3,116
116|30,170,330,20|056,金剛/123,榛名|3,5,1,1,36,2/4,6,2,4,116,1
49|0,10,10,10|4,鬼怒,改二/056,皐月/3456,文月|0,1,1,1/1,2,1,1,49,1/2,3,1,2,49,1,39,5
39|0,20,10,10|06,五十鈴,改二/3,鬼怒,改二/12,皐月/012,文月|0,1,1,1/1,2,1,2,39,1/2,3,1,2,39,1,40,3
40|0,30,20,10|123,五十鈴,改二/0123,摩耶,改二/12,鬼怒,改二/34,皐月,改二|1,2,1,1/1,3,1,2,40,1/5,9,3,7,40,5,131
40|0,30,20,10|234,摩耶,改二不可|1,2,1,1/1,3,1,2,40,1
131|0,90,90,150|456,摩耶,改二/056,鬼怒,改二|3,5,3,5,40,3/6,9,6,9,40,5
120|0,0,60,40|0156,摩耶/0156,秋月/0456,照月|3,4,1,2/3,5,2,4,10,1/4,9,4,7,3,2,121
121|0,0,60,40|0123456,秋月/0123456,照月/0456,初月/0456,吹雪,改二|4,5,2,3/4,6,3,5,3,1/8,10,5,10,3,2,122
121|0,0,60,40|0456,摩耶,改二|4,5,2,3/4,6,3,5,10,1/7,9,5,9,10,2,130
68|50,30,30,10|0123456,あきつ丸/0123,皐月,改二/0156,阿武隈,改二|1,2,1,2,75,1/1,4,2,3,37,1/4,8,3,7,38,3,166
68|50,30,30,10|0456,鬼怒/改二|1,2,1,2,75,1/1,4,2,3,37,1/8,16,6,12,68,4,193
166|70,80,120,30|0156,あきつ丸/456,皐月,改二/234,阿武隈,改二|3,5,2,3,49,1/4,8,3,5,51,2/10,18,5,9,37,3,167
193|70,80,120,30|0156,鬼怒,改二/234,あきつ丸|3,5,2,3,75,2/4,8,4,6,68,1
167|80,90,100,70|0156,伊58/3456,伊8/1234,伊401|5,8,3,4,37,2/8,12,4,6,38,3
74|10,0,30,20|456,暁/056,神通/123,青葉/123,綾波|3,3,2,3/3,5,2,4,74,1/5,10,3,7,129,1,140
140|20,0,70,30|0156,比叡/2345,霧島|4,5,3,4,74,1/5,10,3,7,74,1
73|80,0,880,0|456,長門/345,陸奥/345,大和/456,武蔵|8,10,4,5,72,2/20,30,6,9,73,1/32,48,8,12,73,2,204
204|180,0,980,80|06,大和/02,武蔵|20,30,6,9,73,1/32,48,8,12,73,2
34|240,0,600,80|0123456,天津風/23,島風,改|10,20,5,8,33,1
87|300,0,750,100|234,天津風,改/125,島風/改|15,30,8,10,33,2/16,32,9,12,34,2